Task_Numbers: 5 
Task_ID: 1
Checkpoint_Numbers: 0 0 1
P1: 1 2 7 1250 900
Task_ID: 2
Checkpoint_Numbers: 0 0 3
P1: 2 3 150 30 0
P2: 5 6 100 35 3929
P3: 8 9 130 30 16
Task_ID: 3
Checkpoint_Numbers: 1 0 1
B1: 7 8 300 9 100
P1: 2 3 5 270 0
Task_ID: 4
Checkpoint_Numbers: 0 0 6
P1: 1 2 20 2905 1832256
P2: 7 8 20 2905 1774136
P3: 13 14 20 88705 16
P4: 17 18 20 217 0
P5: 9 10 20 143 0
P6: 3 4 20 143 0
Task_ID: 5
Checkpoint_Numbers: 3 0 10
B1: 8 9 9297 10 20266
B2: 11 12 20241 31 9286
B3: 31 32 9274 39 4846
P1: 1 2 6 1183 20283
P2: 12 17 5 1129 14523
P3: 24 25 5 1012 9355
P4: 32 33 5 868 4892
P5: 38 40 5 936 152
P6: 3 4 6 155 0
P7: 20 21 5 177 0
P8: 26 27 5 180 0
P9: 34 35 5 157 0
P10: 41 42 5 151 0
#
