Task_Numbers: 3 
Task_ID: 1
Checkpoint_Numbers: 3 2 2
B1: 1 2 3 4
B2: 5 6 7 8
B3: 12 34 45 67
L1: 1 2 3 4 5 6 7 8 8 7 6 5 4 3 2 1
L2: 10 20 30 40 50 60 70 80 80 70 60 50 40 30 20 10
P1: 123 321 345
P2: 89 12 333246
Task_ID: 2
Checkpoint_Numbers: 1 0 1
B1: 12 22 23 24
P1: 1 300 3
Task_ID: 3
Checkpoint_Numbers: 0 0 2
P1: 444 555 666
P2: 999 888 777
#
